-0.16908926275527025
-0.16905240492390494
-0.1690147440452967
-0.16902307738080996
-0.16907985939167475
-0.16908378513403594
-0.16904612370294356
-0.16901416322875656
-0.169027786059668
-0.16908371256962812
-0.16908078067626844
-0.16904474158016541
-0.16901196403206928
-0.16903317301080156
-0.1690878399948368
-0.16908019793584073
-0.16904027123721807
-0.16900666759843433
-0.16903859940008237
-0.1690927820263301
-0.16907709741615898
-0.1690318157474176
-0.16900365578741586
-0.16904872400309137
-0.16909656666615996
-0.16907120739396314
-0.16902491372611023
-0.16900540285625235
-0.16906150844187284
-0.16909732952327508
-0.16906445026910183
-0.16901977601920565
-0.16900878373304162
-0.169069429960914
-0.16909369812504424
-0.1690577655084966
-0.16901607122930815
-0.16901202092860457
-0.16907695909884457
-0.16909176966912898
-0.16905402040530781
-0.16901235909922357
-0.16901736033371176
-0.16908474596855333
-0.1690903553467179
-0.1690483845287476
-0.169006630340714
-0.1690233536742349
-0.1690912414950933
-0.16908618459853578
-0.1690401551753759
-0.16900291923549599
-0.16903287494401295
-0.16909558331068023
-0.16908055117112683
-0.16903390308611693
-0.16900274590717324
-0.169044593002153
-0.16909854774648347
-0.169074996973905
-0.16902883385611475
-0.16900287426059443
-0.1690534499390132
-0.16909778695823155
-0.16906885423546958
-0.16902288517126238
-0.16900341116390946
-0.1690632320282464
-0.16909793327529532
-0.16906372791447294
-0.16901758963649074
-0.16900762655228374
-0.16907413362658358
-0.1690966701275339
-0.16905715253829579
-0.16901176533640827
-0.1690131654189057
-0.16908223578131068
-0.16909188428377536
-0.1690491567288394
-0.1690084483624549
-0.1690205713597522
-0.16908716660203624
-0.16908658831402987
-0.16904412116919318
-0.1690074067381597
-0.1690293205067914
-0.1690918027627932
-0.16908292959391336
-0.16903991544245178
-0.1690052254059413
-0.16903656773671472
-0.1690941031888828
-0.16907846621158512
-0.16903274720857253
-0.16900284987914624
-0.1690462807512239
-0.16909717678662617
-0.16907293588676073
-0.1690262858527701
         326007706 function calls in 114.023 seconds

   Ordered by: cumulative time

   ncalls  tottime  percall  cumtime  percall filename:lineno(function)
        1    0.000    0.000  114.023  114.023 {built-in method builtins.exec}
        1    0.000    0.000  114.023  114.023 nbody.py:3(<module>)
        1    0.465    0.465  114.023  114.023 nbody.py:125(nbody)
  2000000   22.082    0.000  113.551    0.000 nbody.py:67(advance)
 20000000   27.718    0.000   82.514    0.000 nbody.py:54(update_vs)
120000000   21.055    0.000   54.797    0.000 nbody.py:47(compute_b)
120000000   33.741    0.000   33.741    0.000 nbody.py:51(compute_mag)
 10000000    3.367    0.000    3.367    0.000 nbody.py:62(update_rs)
 20002000    3.264    0.000    3.264    0.000 nbody.py:44(compute_deltas)
 20002000    1.378    0.000    1.378    0.000 {method 'append' of 'list' objects}
 14001401    0.946    0.000    0.946    0.000 {method 'keys' of 'dict' objects}
      200    0.002    0.000    0.004    0.000 nbody.py:88(report_energy)
      100    0.004    0.000    0.004    0.000 {built-in method builtins.print}
     2000    0.001    0.000    0.001    0.000 nbody.py:85(compute_energy)
        1    0.000    0.000    0.000    0.000 {method 'disable' of '_lsprof.Profiler' objects}
        1    0.000    0.000    0.000    0.000 nbody.py:108(offset_momentum)


